0 0.463942 0.748798 0.129808 0.0793269 0.890919
0 0.463942 0.748798 0.129808 0.0793269 0.890919
0 0.463942 0.748798 0.129808 0.0793269 0.890919
0 0.463942 0.748798 0.129808 0.0793269 0.890919
0 0.463942 0.748798 0.129808 0.0793269 0.890919
0 0.463942 0.748798 0.129808 0.0793269 0.890919
0 0.463942 0.748798 0.129808 0.0793269 0.890919
0 0.463942 0.748798 0.129808 0.0793269 0.890919
0 0.463942 0.748798 0.129808 0.0793269 0.890919
0 0.463942 0.748798 0.129808 0.0793269 0.890919
0 0.463942 0.748798 0.129808 0.0793269 0.890919
0 0.407452 0.680288 0.194712 0.0721154 0.831286
0 0.407452 0.680288 0.194712 0.0721154 0.831286
0 0.407452 0.680288 0.194712 0.0721154 0.831286
0 0.407452 0.680288 0.194712 0.0721154 0.831286
0 0.514423 0.467548 0.293269 0.151442 0.790705
0 0.480833 0.488544 0.22 0.0956873 0.76496
0 0.480833 0.488544 0.22 0.0956873 0.76496
0 0.480833 0.488544 0.22 0.0956873 0.76496
0 0.480833 0.488544 0.22 0.0956873 0.76496
0 0.480833 0.488544 0.22 0.0956873 0.76496
0 0.407452 0.680288 0.194712 0.0721154 0.831286
0 0.407452 0.680288 0.194712 0.0721154 0.831286
0 0.407452 0.680288 0.194712 0.0721154 0.831286
0 0.235577 0.753606 0.0625 0.0552885 0.59931
